0.6220 0.0000 0.0000 0.0000 0.0000 0.0000 0.0000 0.0000 0.0000 0.0000 0.0000 0.0000 0.0000 0.0000 0.0000 0.0000 0.0000 0.0000 0.0000 0.0000 0.6220
0.0620 0.6260 0.0000 0.0000 0.0000 0.0000 0.0000 0.0000 0.0000 0.0000 0.0000 0.0000 0.0000 0.0000 0.0000 0.0000 0.0000 0.0000 0.0000 0.0000 0.3440
0.0060 0.1180 0.6900 0.0000 0.0000 0.0000 0.0000 0.0000 0.0000 0.0000 0.0000 0.0000 0.0000 0.0000 0.0000 0.0000 0.0000 0.0000 0.0000 0.0000 0.2713
0.0040 0.0560 0.2560 0.4700 0.0000 0.0000 0.0000 0.0000 0.0000 0.0000 0.0000 0.0000 0.0000 0.0000 0.0000 0.0000 0.0000 0.0000 0.0000 0.0000 0.1965
0.0000 0.0020 0.0540 0.0780 0.7520 0.0000 0.0000 0.0000 0.0000 0.0000 0.0000 0.0000 0.0000 0.0000 0.0000 0.0000 0.0000 0.0000 0.0000 0.0000 0.1772
0.0000 0.0000 0.0580 0.0120 0.2320 0.5380 0.0000 0.0000 0.0000 0.0000 0.0000 0.0000 0.0000 0.0000 0.0000 0.0000 0.0000 0.0000 0.0000 0.0000 0.1400
0.0000 0.0000 0.0340 0.0100 0.1240 0.1720 0.5920 0.0000 0.0000 0.0000 0.0000 0.0000 0.0000 0.0000 0.0000 0.0000 0.0000 0.0000 0.0000 0.0000 0.1331
0.0000 0.0000 0.0300 0.0000 0.0580 0.0700 0.1660 0.7080 0.0000 0.0000 0.0000 0.0000 0.0000 0.0000 0.0000 0.0000 0.0000 0.0000 0.0000 0.0000 0.1290
0.0000 0.0000 0.0160 0.0000 0.0340 0.0280 0.0720 0.1700 0.8080 0.0000 0.0000 0.0000 0.0000 0.0000 0.0000 0.0000 0.0000 0.0000 0.0000 0.0000 0.1253
0.0000 0.0000 0.0160 0.0020 0.0160 0.0120 0.0300 0.0760 0.3860 0.6100 0.0000 0.0000 0.0000 0.0000 0.0000 0.0000 0.0000 0.0000 0.0000 0.0000 0.1148
0.0000 0.0000 0.0140 0.0020 0.0060 0.0000 0.0320 0.0540 0.1820 0.1760 0.6040 0.0000 0.0000 0.0000 0.0000 0.0000 0.0000 0.0000 0.0000 0.0000 0.0973
0.0000 0.0000 0.0040 0.0000 0.0040 0.0020 0.0080 0.0240 0.0940 0.0680 0.1820 0.7080 0.0000 0.0000 0.0000 0.0000 0.0000 0.0000 0.0000 0.0000 0.0912
0.0000 0.0000 0.0060 0.0000 0.0020 0.0000 0.0060 0.0100 0.0300 0.0120 0.0640 0.2380 0.6520 0.0000 0.0000 0.0000 0.0000 0.0000 0.0000 0.0000 0.0785
0.0000 0.0000 0.0000 0.0000 0.0100 0.0020 0.0140 0.0020 0.0280 0.0060 0.0300 0.1140 0.1620 0.6060 0.0000 0.0000 0.0000 0.0000 0.0000 0.0000 0.0696
0.0000 0.0000 0.0020 0.0000 0.0000 0.0000 0.0080 0.0020 0.0240 0.0000 0.0120 0.1220 0.0820 0.2060 0.6200 0.0000 0.0000 0.0000 0.0000 0.0000 0.0719
0.0000 0.0000 0.0020 0.0000 0.0040 0.0000 0.0100 0.0040 0.0560 0.0020 0.0020 0.0920 0.0320 0.0660 0.2300 0.6340 0.0000 0.0000 0.0000 0.0000 0.0709
0.0000 0.0000 0.0000 0.0000 0.0040 0.0000 0.0060 0.0020 0.0580 0.0000 0.0040 0.0260 0.0220 0.0240 0.1480 0.2260 0.5740 0.0000 0.0000 0.0000 0.0644
0.0000 0.0000 0.0020 0.0000 0.0020 0.0000 0.0060 0.0040 0.0980 0.0040 0.0040 0.0560 0.0220 0.0400 0.0320 0.1580 0.2240 0.5980 0.0000 0.0000 0.0694
0.0000 0.0000 0.0020 0.0000 0.0040 0.0000 0.0080 0.0040 0.0080 0.0000 0.0020 0.0220 0.0140 0.0180 0.0080 0.0860 0.0840 0.2400 0.6580 0.0000 0.0609
0.0000 0.0000 0.0000 0.0000 0.0000 0.0000 0.0040 0.0000 0.0000 0.0000 0.0000 0.0020 0.0120 0.0040 0.0060 0.0720 0.0580 0.1100 0.2620 0.7300 0.0630
