0.8720 0.0000 0.0000 0.0000 0.0000 0.0000 0.0000 0.0000 0.0000 0.0000 0.0000 0.0000 0.0000 0.0000 0.0000 0.0000 0.0000 0.0000 0.0000 0.0000 0.8720
0.4700 0.5980 0.0000 0.0000 0.0000 0.0000 0.0000 0.0000 0.0000 0.0000 0.0000 0.0000 0.0000 0.0000 0.0000 0.0000 0.0000 0.0000 0.0000 0.0000 0.5340
0.2360 0.3120 0.6300 0.0000 0.0000 0.0000 0.0000 0.0000 0.0000 0.0000 0.0000 0.0000 0.0000 0.0000 0.0000 0.0000 0.0000 0.0000 0.0000 0.0000 0.3927
0.2080 0.2440 0.4820 0.4540 0.0000 0.0000 0.0000 0.0000 0.0000 0.0000 0.0000 0.0000 0.0000 0.0000 0.0000 0.0000 0.0000 0.0000 0.0000 0.0000 0.3470
0.2280 0.2340 0.3800 0.3440 0.3980 0.0000 0.0000 0.0000 0.0000 0.0000 0.0000 0.0000 0.0000 0.0000 0.0000 0.0000 0.0000 0.0000 0.0000 0.0000 0.3168
0.1960 0.1880 0.3380 0.3140 0.3760 0.2500 0.0000 0.0000 0.0000 0.0000 0.0000 0.0000 0.0000 0.0000 0.0000 0.0000 0.0000 0.0000 0.0000 0.0000 0.2770
0.2040 0.2100 0.3360 0.2640 0.3060 0.1580 0.3580 0.0000 0.0000 0.0000 0.0000 0.0000 0.0000 0.0000 0.0000 0.0000 0.0000 0.0000 0.0000 0.0000 0.2623
0.2220 0.2120 0.3400 0.2960 0.3360 0.1520 0.3260 0.2180 0.0000 0.0000 0.0000 0.0000 0.0000 0.0000 0.0000 0.0000 0.0000 0.0000 0.0000 0.0000 0.2627
0.2240 0.1820 0.2960 0.2700 0.2920 0.1540 0.2720 0.1740 0.4100 0.0000 0.0000 0.0000 0.0000 0.0000 0.0000 0.0000 0.0000 0.0000 0.0000 0.0000 0.2527
0.2080 0.1760 0.2600 0.2940 0.2820 0.1320 0.2280 0.1460 0.3020 0.2500 0.0000 0.0000 0.0000 0.0000 0.0000 0.0000 0.0000 0.0000 0.0000 0.0000 0.2278
0.1760 0.1840 0.2480 0.2300 0.2160 0.1180 0.2520 0.1400 0.2380 0.2340 0.4260 0.0000 0.0000 0.0000 0.0000 0.0000 0.0000 0.0000 0.0000 0.0000 0.2238
0.2180 0.2400 0.2900 0.2600 0.2820 0.1500 0.2120 0.1060 0.2220 0.2020 0.3680 0.1160 0.0000 0.0000 0.0000 0.0000 0.0000 0.0000 0.0000 0.0000 0.2222
0.1480 0.2480 0.2720 0.2660 0.2600 0.1380 0.2300 0.0880 0.2180 0.1640 0.3300 0.0580 0.3000 0.0000 0.0000 0.0000 0.0000 0.0000 0.0000 0.0000 0.2092
0.1540 0.2260 0.3000 0.2420 0.2600 0.1560 0.2140 0.1200 0.2400 0.1800 0.3140 0.0660 0.1880 0.2120 0.0000 0.0000 0.0000 0.0000 0.0000 0.0000 0.2051
0.0880 0.1660 0.2860 0.2640 0.2760 0.1560 0.1700 0.1060 0.2140 0.1480 0.2920 0.0460 0.1380 0.1520 0.1460 0.0000 0.0000 0.0000 0.0000 0.0000 0.1765
0.0880 0.1580 0.2540 0.2320 0.2680 0.1560 0.1860 0.1140 0.1920 0.1580 0.2960 0.0440 0.1600 0.1200 0.1200 0.2820 0.0000 0.0000 0.0000 0.0000 0.1768
0.1020 0.1960 0.3100 0.2320 0.2720 0.1540 0.1720 0.0920 0.1840 0.1540 0.2820 0.0400 0.1200 0.1080 0.0840 0.2280 0.0700 0.0000 0.0000 0.0000 0.1647
0.0800 0.1680 0.2880 0.2300 0.2280 0.1360 0.1620 0.0660 0.2000 0.1420 0.2680 0.0280 0.1020 0.0560 0.0780 0.1700 0.0420 0.3940 0.0000 0.0000 0.1577
0.0800 0.1740 0.3020 0.1800 0.2420 0.1240 0.1560 0.0920 0.1800 0.1660 0.2300 0.0180 0.0860 0.0540 0.0600 0.1840 0.0400 0.2600 0.2460 0.0000 0.1513
0.0740 0.1860 0.2920 0.2300 0.2260 0.1180 0.1760 0.0760 0.1820 0.1440 0.2440 0.0120 0.1080 0.0880 0.0500 0.1460 0.0580 0.2420 0.1860 0.1320 0.1485
