0.8620 0.0000 0.0000 0.0000 0.0000 0.0000 0.0000 0.0000 0.0000 0.0000 0.0000 0.0000 0.0000 0.0000 0.0000 0.0000 0.0000 0.0000 0.0000 0.0000 0.8620
0.2720 0.6760 0.0000 0.0000 0.0000 0.0000 0.0000 0.0000 0.0000 0.0000 0.0000 0.0000 0.0000 0.0000 0.0000 0.0000 0.0000 0.0000 0.0000 0.0000 0.4740
0.0460 0.3140 0.6160 0.0000 0.0000 0.0000 0.0000 0.0000 0.0000 0.0000 0.0000 0.0000 0.0000 0.0000 0.0000 0.0000 0.0000 0.0000 0.0000 0.0000 0.3253
0.0200 0.1540 0.3660 0.5840 0.0000 0.0000 0.0000 0.0000 0.0000 0.0000 0.0000 0.0000 0.0000 0.0000 0.0000 0.0000 0.0000 0.0000 0.0000 0.0000 0.2810
0.0140 0.0660 0.1860 0.3000 0.5800 0.0000 0.0000 0.0000 0.0000 0.0000 0.0000 0.0000 0.0000 0.0000 0.0000 0.0000 0.0000 0.0000 0.0000 0.0000 0.2292
0.0160 0.0800 0.1420 0.2240 0.3880 0.4180 0.0000 0.0000 0.0000 0.0000 0.0000 0.0000 0.0000 0.0000 0.0000 0.0000 0.0000 0.0000 0.0000 0.0000 0.2113
0.0140 0.0660 0.1280 0.1400 0.3040 0.2080 0.5760 0.0000 0.0000 0.0000 0.0000 0.0000 0.0000 0.0000 0.0000 0.0000 0.0000 0.0000 0.0000 0.0000 0.2051
0.0060 0.0540 0.1100 0.1640 0.2920 0.1640 0.3240 0.5060 0.0000 0.0000 0.0000 0.0000 0.0000 0.0000 0.0000 0.0000 0.0000 0.0000 0.0000 0.0000 0.2025
0.0100 0.0400 0.0740 0.1400 0.2320 0.1340 0.1520 0.2840 0.6400 0.0000 0.0000 0.0000 0.0000 0.0000 0.0000 0.0000 0.0000 0.0000 0.0000 0.0000 0.1896
0.0020 0.0360 0.0440 0.1140 0.1480 0.0740 0.1080 0.1840 0.4020 0.5660 0.0000 0.0000 0.0000 0.0000 0.0000 0.0000 0.0000 0.0000 0.0000 0.0000 0.1678
0.0000 0.0440 0.0340 0.1140 0.1440 0.0620 0.0940 0.1560 0.3380 0.3780 0.6060 0.0000 0.0000 0.0000 0.0000 0.0000 0.0000 0.0000 0.0000 0.0000 0.1791
0.0020 0.0400 0.0360 0.0940 0.1660 0.0800 0.0940 0.1340 0.2580 0.2840 0.4320 0.4280 0.0000 0.0000 0.0000 0.0000 0.0000 0.0000 0.0000 0.0000 0.1707
0.0000 0.0300 0.0340 0.0780 0.0940 0.0480 0.0740 0.0940 0.2320 0.1920 0.3100 0.2460 0.6600 0.0000 0.0000 0.0000 0.0000 0.0000 0.0000 0.0000 0.1609
0.0000 0.0280 0.0400 0.0920 0.1180 0.0520 0.0620 0.0920 0.2140 0.1840 0.2620 0.1940 0.3100 0.5860 0.0000 0.0000 0.0000 0.0000 0.0000 0.0000 0.1596
0.0000 0.0120 0.0240 0.0860 0.1120 0.0400 0.0680 0.1240 0.1960 0.1860 0.2320 0.1860 0.2700 0.4040 0.4880 0.0000 0.0000 0.0000 0.0000 0.0000 0.1619
0.0000 0.0160 0.0140 0.0820 0.0740 0.0200 0.0500 0.0940 0.1640 0.0900 0.2200 0.1680 0.2040 0.2940 0.2700 0.6360 0.0000 0.0000 0.0000 0.0000 0.1497
0.0000 0.0120 0.0160 0.0560 0.0740 0.0240 0.0560 0.0900 0.1720 0.1520 0.2080 0.1460 0.2140 0.2800 0.2280 0.5020 0.3540 0.0000 0.0000 0.0000 0.1520
0.0000 0.0120 0.0100 0.0260 0.0440 0.0140 0.0380 0.0620 0.1400 0.0960 0.1680 0.1200 0.1420 0.1760 0.1480 0.3180 0.2080 0.6700 0.0000 0.0000 0.1329
0.0000 0.0180 0.0080 0.0220 0.0380 0.0160 0.0300 0.0640 0.1100 0.0940 0.1440 0.1140 0.1900 0.1640 0.1100 0.2040 0.1460 0.4920 0.5740 0.0000 0.1336
0.0000 0.0100 0.0080 0.0160 0.0460 0.0080 0.0300 0.0540 0.1000 0.1160 0.1400 0.1100 0.1680 0.1180 0.0840 0.1980 0.1160 0.4560 0.3320 0.4880 0.1299
