0.8620 0.0000 0.0000 0.0000 0.0000 0.0000 0.0000 0.0000 0.0000 0.0000 0.0000 0.0000 0.0000 0.0000 0.0000 0.0000 0.0000 0.0000 0.0000 0.0000 0.8620
0.4300 0.6300 0.0000 0.0000 0.0000 0.0000 0.0000 0.0000 0.0000 0.0000 0.0000 0.0000 0.0000 0.0000 0.0000 0.0000 0.0000 0.0000 0.0000 0.0000 0.5300
0.2120 0.5140 0.4980 0.0000 0.0000 0.0000 0.0000 0.0000 0.0000 0.0000 0.0000 0.0000 0.0000 0.0000 0.0000 0.0000 0.0000 0.0000 0.0000 0.0000 0.4080
0.2440 0.4240 0.3660 0.4700 0.0000 0.0000 0.0000 0.0000 0.0000 0.0000 0.0000 0.0000 0.0000 0.0000 0.0000 0.0000 0.0000 0.0000 0.0000 0.0000 0.3760
0.2180 0.4340 0.3420 0.4080 0.2200 0.0000 0.0000 0.0000 0.0000 0.0000 0.0000 0.0000 0.0000 0.0000 0.0000 0.0000 0.0000 0.0000 0.0000 0.0000 0.3244
0.2080 0.3900 0.3020 0.3720 0.1880 0.2320 0.0000 0.0000 0.0000 0.0000 0.0000 0.0000 0.0000 0.0000 0.0000 0.0000 0.0000 0.0000 0.0000 0.0000 0.2820
0.2400 0.3820 0.3020 0.3440 0.1420 0.1880 0.2140 0.0000 0.0000 0.0000 0.0000 0.0000 0.0000 0.0000 0.0000 0.0000 0.0000 0.0000 0.0000 0.0000 0.2589
0.2200 0.4040 0.2660 0.3580 0.1700 0.2280 0.1900 0.0560 0.0000 0.0000 0.0000 0.0000 0.0000 0.0000 0.0000 0.0000 0.0000 0.0000 0.0000 0.0000 0.2365
0.2200 0.3940 0.2480 0.3120 0.1440 0.2000 0.1540 0.0220 0.2980 0.0000 0.0000 0.0000 0.0000 0.0000 0.0000 0.0000 0.0000 0.0000 0.0000 0.0000 0.2213
0.1720 0.3400 0.2340 0.3260 0.1000 0.1700 0.1500 0.0360 0.2460 0.2140 0.0000 0.0000 0.0000 0.0000 0.0000 0.0000 0.0000 0.0000 0.0000 0.0000 0.1988
0.1880 0.3480 0.2820 0.3120 0.1300 0.1580 0.1200 0.0220 0.2360 0.1140 0.2220 0.0000 0.0000 0.0000 0.0000 0.0000 0.0000 0.0000 0.0000 0.0000 0.1938
0.2280 0.3640 0.2680 0.3360 0.1360 0.1860 0.1440 0.0200 0.2560 0.0960 0.2280 0.0380 0.0000 0.0000 0.0000 0.0000 0.0000 0.0000 0.0000 0.0000 0.1917
0.2120 0.3640 0.2860 0.3140 0.1100 0.1720 0.1420 0.0240 0.2620 0.0580 0.1860 0.0220 0.1860 0.0000 0.0000 0.0000 0.0000 0.0000 0.0000 0.0000 0.1798
0.2060 0.3300 0.3280 0.3300 0.1440 0.1740 0.1100 0.0260 0.2640 0.0660 0.1920 0.0280 0.0980 0.2060 0.0000 0.0000 0.0000 0.0000 0.0000 0.0000 0.1787
0.1780 0.3220 0.3040 0.3480 0.1380 0.1800 0.1280 0.0300 0.2340 0.0600 0.1940 0.0320 0.0700 0.1740 0.0560 0.0000 0.0000 0.0000 0.0000 0.0000 0.1632
0.1980 0.3220 0.3000 0.3480 0.1300 0.1800 0.1020 0.0280 0.2100 0.0480 0.1900 0.0160 0.0700 0.1500 0.0360 0.1920 0.0000 0.0000 0.0000 0.0000 0.1575
0.1940 0.3540 0.2600 0.3040 0.1060 0.1960 0.0840 0.0200 0.1820 0.0480 0.1860 0.0120 0.0520 0.1440 0.0460 0.1780 0.0320 0.0000 0.0000 0.0000 0.1411
0.1460 0.3560 0.2800 0.3060 0.0840 0.1820 0.0640 0.0260 0.1900 0.0580 0.1860 0.0260 0.0660 0.1220 0.0460 0.1480 0.0240 0.3400 0.0000 0.0000 0.1472
0.0420 0.1240 0.0340 0.1640 0.0080 0.0280 0.0200 0.0000 0.0340 0.0100 0.0120 0.0000 0.0000 0.0480 0.0000 0.0600 0.0000 0.0020 0.5300 0.0000 0.0587
0.0840 0.2380 0.1200 0.2360 0.0480 0.1060 0.0360 0.0020 0.1380 0.0240 0.0460 0.0020 0.0040 0.0940 0.0140 0.0980 0.0060 0.0760 0.3360 0.2600 0.0984
