0.8760 0.0000 0.0000 0.0000 0.0000 0.0000 0.0000 0.0000 0.0000 0.0000 0.0000 0.0000 0.0000 0.0000 0.0000 0.0000 0.0000 0.0000 0.0000 0.0000 0.8760
0.4260 0.6260 0.0000 0.0000 0.0000 0.0000 0.0000 0.0000 0.0000 0.0000 0.0000 0.0000 0.0000 0.0000 0.0000 0.0000 0.0000 0.0000 0.0000 0.0000 0.5260
0.1880 0.3800 0.5580 0.0000 0.0000 0.0000 0.0000 0.0000 0.0000 0.0000 0.0000 0.0000 0.0000 0.0000 0.0000 0.0000 0.0000 0.0000 0.0000 0.0000 0.3753
0.1740 0.3060 0.3120 0.5160 0.0000 0.0000 0.0000 0.0000 0.0000 0.0000 0.0000 0.0000 0.0000 0.0000 0.0000 0.0000 0.0000 0.0000 0.0000 0.0000 0.3270
0.1580 0.2080 0.2560 0.3560 0.4940 0.0000 0.0000 0.0000 0.0000 0.0000 0.0000 0.0000 0.0000 0.0000 0.0000 0.0000 0.0000 0.0000 0.0000 0.0000 0.2944
0.1560 0.1680 0.1860 0.3020 0.3660 0.3880 0.0000 0.0000 0.0000 0.0000 0.0000 0.0000 0.0000 0.0000 0.0000 0.0000 0.0000 0.0000 0.0000 0.0000 0.2610
0.1240 0.1720 0.1420 0.2060 0.2660 0.2440 0.5080 0.0000 0.0000 0.0000 0.0000 0.0000 0.0000 0.0000 0.0000 0.0000 0.0000 0.0000 0.0000 0.0000 0.2374
0.1140 0.1600 0.1280 0.2380 0.2880 0.2400 0.4060 0.2640 0.0000 0.0000 0.0000 0.0000 0.0000 0.0000 0.0000 0.0000 0.0000 0.0000 0.0000 0.0000 0.2297
0.1020 0.1240 0.1360 0.2200 0.2620 0.2140 0.3460 0.2120 0.4440 0.0000 0.0000 0.0000 0.0000 0.0000 0.0000 0.0000 0.0000 0.0000 0.0000 0.0000 0.2289
0.0940 0.1200 0.1020 0.1840 0.2140 0.1680 0.3160 0.1540 0.3940 0.2920 0.0000 0.0000 0.0000 0.0000 0.0000 0.0000 0.0000 0.0000 0.0000 0.0000 0.2038
0.0740 0.1240 0.1040 0.1520 0.2500 0.1900 0.2860 0.1660 0.3040 0.2580 0.3920 0.0000 0.0000 0.0000 0.0000 0.0000 0.0000 0.0000 0.0000 0.0000 0.2091
0.0780 0.1540 0.1060 0.1580 0.2220 0.1880 0.2660 0.1200 0.2780 0.2380 0.2620 0.2160 0.0000 0.0000 0.0000 0.0000 0.0000 0.0000 0.0000 0.0000 0.1905
0.0720 0.1500 0.1320 0.1660 0.2020 0.1520 0.2840 0.1300 0.2560 0.1780 0.2360 0.0720 0.4880 0.0000 0.0000 0.0000 0.0000 0.0000 0.0000 0.0000 0.1937
0.0600 0.1300 0.1420 0.1760 0.2320 0.1540 0.2760 0.1180 0.2620 0.1520 0.2180 0.1040 0.2800 0.3900 0.0000 0.0000 0.0000 0.0000 0.0000 0.0000 0.1924
0.0420 0.1380 0.1440 0.1720 0.1980 0.1540 0.2860 0.1300 0.2260 0.1660 0.2060 0.1040 0.2240 0.2840 0.2020 0.0000 0.0000 0.0000 0.0000 0.0000 0.1784
0.0500 0.1340 0.1200 0.1620 0.2080 0.1460 0.2700 0.1160 0.2220 0.1460 0.2200 0.0960 0.2020 0.2360 0.1540 0.3740 0.0000 0.0000 0.0000 0.0000 0.1785
0.0400 0.1440 0.1080 0.1400 0.1880 0.1380 0.2500 0.1140 0.2500 0.1580 0.1660 0.0760 0.1540 0.2140 0.1340 0.2960 0.1140 0.0000 0.0000 0.0000 0.1579
0.0500 0.1140 0.1060 0.1400 0.1660 0.1260 0.2000 0.0900 0.2020 0.0980 0.1340 0.0680 0.1180 0.1640 0.0860 0.1920 0.0700 0.5300 0.0000 0.0000 0.1474
0.0440 0.0940 0.1040 0.1360 0.1800 0.1100 0.1860 0.1060 0.1940 0.1120 0.1080 0.0640 0.1240 0.1380 0.0720 0.1500 0.0420 0.3980 0.3840 0.0000 0.1445
0.0400 0.1100 0.0960 0.1280 0.1780 0.1360 0.2420 0.1120 0.2080 0.1260 0.1260 0.0540 0.1240 0.1660 0.0800 0.1640 0.0400 0.3240 0.2240 0.2480 0.1463
