0.8500 0.0000 0.0000 0.0000 0.0000 0.0000 0.0000 0.0000 0.0000 0.0000 0.0000 0.0000 0.0000 0.0000 0.0000 0.0000 0.0000 0.0000 0.0000 0.0000 0.8500
0.4920 0.6160 0.0000 0.0000 0.0000 0.0000 0.0000 0.0000 0.0000 0.0000 0.0000 0.0000 0.0000 0.0000 0.0000 0.0000 0.0000 0.0000 0.0000 0.0000 0.5540
0.1700 0.3660 0.5920 0.0000 0.0000 0.0000 0.0000 0.0000 0.0000 0.0000 0.0000 0.0000 0.0000 0.0000 0.0000 0.0000 0.0000 0.0000 0.0000 0.0000 0.3760
0.1780 0.2680 0.3740 0.4600 0.0000 0.0000 0.0000 0.0000 0.0000 0.0000 0.0000 0.0000 0.0000 0.0000 0.0000 0.0000 0.0000 0.0000 0.0000 0.0000 0.3200
0.1520 0.2820 0.3200 0.2980 0.3960 0.0000 0.0000 0.0000 0.0000 0.0000 0.0000 0.0000 0.0000 0.0000 0.0000 0.0000 0.0000 0.0000 0.0000 0.0000 0.2896
0.1380 0.2520 0.3000 0.2520 0.3340 0.3160 0.0000 0.0000 0.0000 0.0000 0.0000 0.0000 0.0000 0.0000 0.0000 0.0000 0.0000 0.0000 0.0000 0.0000 0.2653
0.1300 0.2240 0.2800 0.2300 0.2920 0.2120 0.4080 0.0000 0.0000 0.0000 0.0000 0.0000 0.0000 0.0000 0.0000 0.0000 0.0000 0.0000 0.0000 0.0000 0.2537
0.1140 0.2140 0.2460 0.2540 0.3120 0.1860 0.3280 0.2200 0.0000 0.0000 0.0000 0.0000 0.0000 0.0000 0.0000 0.0000 0.0000 0.0000 0.0000 0.0000 0.2343
0.1000 0.1500 0.2540 0.2420 0.2840 0.1800 0.2940 0.1460 0.4460 0.0000 0.0000 0.0000 0.0000 0.0000 0.0000 0.0000 0.0000 0.0000 0.0000 0.0000 0.2329
0.0780 0.1580 0.2600 0.2360 0.2420 0.1220 0.2740 0.1080 0.3900 0.2880 0.0000 0.0000 0.0000 0.0000 0.0000 0.0000 0.0000 0.0000 0.0000 0.0000 0.2156
0.0660 0.1520 0.2500 0.2120 0.2800 0.1400 0.2560 0.1120 0.3140 0.2180 0.4360 0.0000 0.0000 0.0000 0.0000 0.0000 0.0000 0.0000 0.0000 0.0000 0.2215
0.0660 0.2000 0.2340 0.2000 0.2860 0.1500 0.2600 0.1080 0.2940 0.2440 0.3080 0.1840 0.0000 0.0000 0.0000 0.0000 0.0000 0.0000 0.0000 0.0000 0.2112
0.0480 0.1900 0.1900 0.1980 0.2620 0.1160 0.2300 0.0900 0.2840 0.1740 0.2820 0.1120 0.4760 0.0000 0.0000 0.0000 0.0000 0.0000 0.0000 0.0000 0.2040
0.0600 0.1600 0.2180 0.2160 0.2580 0.1180 0.1780 0.0900 0.3020 0.1800 0.2540 0.0900 0.2620 0.3180 0.0000 0.0000 0.0000 0.0000 0.0000 0.0000 0.1931
0.0340 0.1620 0.1980 0.2120 0.2700 0.0860 0.1740 0.0840 0.2840 0.1920 0.2400 0.0840 0.2240 0.2480 0.2420 0.0000 0.0000 0.0000 0.0000 0.0000 0.1823
0.0320 0.1400 0.1900 0.1860 0.2520 0.0800 0.1760 0.0780 0.2540 0.1780 0.2260 0.0580 0.1840 0.1600 0.1540 0.4160 0.0000 0.0000 0.0000 0.0000 0.1727
0.0520 0.1800 0.2140 0.1760 0.2340 0.0980 0.1740 0.0860 0.2460 0.2020 0.2460 0.0700 0.1940 0.1360 0.1220 0.2740 0.1360 0.0000 0.0000 0.0000 0.1671
0.0400 0.1480 0.2000 0.1640 0.1960 0.0680 0.1580 0.0620 0.2100 0.1640 0.2160 0.0740 0.1420 0.1000 0.0940 0.2080 0.0980 0.4620 0.0000 0.0000 0.1558
0.0480 0.1140 0.1800 0.1300 0.2020 0.0640 0.1220 0.0620 0.1280 0.1160 0.1240 0.0360 0.1580 0.0880 0.1000 0.1600 0.0600 0.2580 0.5180 0.0000 0.1404
0.0400 0.1560 0.1840 0.1500 0.2220 0.0880 0.1320 0.0540 0.1780 0.1320 0.1500 0.0380 0.1420 0.0720 0.0820 0.1500 0.0540 0.2540 0.2580 0.3600 0.1448
