0.6430 0.0000 0.0000 0.0000 0.0000 0.0000 0.0000 0.0000 0.0000 0.0000 0.6430
0.4710 0.5160 0.0000 0.0000 0.0000 0.0000 0.0000 0.0000 0.0000 0.0000 0.4935
0.3360 0.4050 0.5100 0.0000 0.0000 0.0000 0.0000 0.0000 0.0000 0.0000 0.4170
0.3480 0.3730 0.4350 0.3190 0.0000 0.0000 0.0000 0.0000 0.0000 0.0000 0.3688
0.3500 0.4060 0.4500 0.2840 0.1470 0.0000 0.0000 0.0000 0.0000 0.0000 0.3274
0.3110 0.3530 0.4070 0.2610 0.1170 0.3340 0.0000 0.0000 0.0000 0.0000 0.2972
0.2940 0.3810 0.4050 0.2510 0.1180 0.2380 0.2270 0.0000 0.0000 0.0000 0.2734
0.3000 0.3870 0.4110 0.2740 0.1090 0.2370 0.1740 0.0840 0.0000 0.0000 0.2470
0.2940 0.3740 0.4170 0.2420 0.1230 0.1940 0.1750 0.0650 0.1390 0.0000 0.2248
0.2850 0.3600 0.4030 0.2600 0.0960 0.1830 0.1610 0.0570 0.1000 0.2300 0.2135
