0.6890 0.0000 0.0000 0.0000 0.0000 0.0000 0.0000 0.0000 0.0000 0.0000 0.6890
0.0000 0.6670 0.0000 0.0000 0.0000 0.0000 0.0000 0.0000 0.0000 0.0000 0.3335
0.0000 0.0000 0.6740 0.0000 0.0000 0.0000 0.0000 0.0000 0.0000 0.0000 0.2247
0.0000 0.0000 0.0000 0.7050 0.0000 0.0000 0.0000 0.0000 0.0000 0.0000 0.1762
0.0000 0.0000 0.0000 0.0000 0.6780 0.0000 0.0000 0.0000 0.0000 0.0000 0.1356
0.0000 0.0000 0.0000 0.0000 0.0000 0.6180 0.0000 0.0000 0.0000 0.0000 0.1030
0.0000 0.0000 0.0000 0.0000 0.0000 0.0000 0.6760 0.0000 0.0000 0.0000 0.0966
0.0000 0.0000 0.0000 0.0000 0.0000 0.0000 0.0000 0.6940 0.0000 0.0000 0.0868
0.0000 0.0000 0.0000 0.0000 0.0000 0.0000 0.0000 0.0000 0.7240 0.0000 0.0804
0.0000 0.0000 0.0000 0.0000 0.0000 0.0000 0.0000 0.0000 0.0000 0.6870 0.0687
