0.6460 0.0000 0.0000 0.0000 0.0000 0.0000 0.0000 0.0000 0.0000 0.0000 0.6460
0.1950 0.6130 0.0000 0.0000 0.0000 0.0000 0.0000 0.0000 0.0000 0.0000 0.4040
0.1980 0.4330 0.4800 0.0000 0.0000 0.0000 0.0000 0.0000 0.0000 0.0000 0.3703
0.1990 0.4140 0.4010 0.3560 0.0000 0.0000 0.0000 0.0000 0.0000 0.0000 0.3425
0.1850 0.3790 0.3820 0.3140 0.3000 0.0000 0.0000 0.0000 0.0000 0.0000 0.3120
0.1850 0.3780 0.4020 0.2760 0.2550 0.0660 0.0000 0.0000 0.0000 0.0000 0.2603
0.1620 0.3840 0.3930 0.2350 0.2160 0.0480 0.1720 0.0000 0.0000 0.0000 0.2300
0.1670 0.3630 0.3960 0.2360 0.2330 0.0420 0.1390 0.1050 0.0000 0.0000 0.2101
0.1380 0.3630 0.4090 0.2540 0.2450 0.0370 0.1340 0.0990 0.1820 0.0000 0.2068
0.1360 0.3770 0.3960 0.2630 0.2310 0.0390 0.1330 0.1000 0.1660 0.1190 0.1960
