0.6430 0.0000 0.0000 0.0000 0.0000 0.0000 0.0000 0.0000 0.0000 0.0000 0.6430
0.3760 0.5750 0.0000 0.0000 0.0000 0.0000 0.0000 0.0000 0.0000 0.0000 0.4755
0.2210 0.3610 0.5760 0.0000 0.0000 0.0000 0.0000 0.0000 0.0000 0.0000 0.3860
0.2330 0.2480 0.4190 0.5050 0.0000 0.0000 0.0000 0.0000 0.0000 0.0000 0.3512
0.2410 0.2740 0.4230 0.4330 0.2980 0.0000 0.0000 0.0000 0.0000 0.0000 0.3338
0.1810 0.2280 0.3370 0.4160 0.2150 0.3800 0.0000 0.0000 0.0000 0.0000 0.2928
0.1640 0.2390 0.3200 0.3690 0.2000 0.3030 0.3110 0.0000 0.0000 0.0000 0.2723
0.1540 0.2510 0.3320 0.3870 0.2050 0.2780 0.2460 0.1620 0.0000 0.0000 0.2519
0.1530 0.2380 0.3120 0.3600 0.1730 0.2480 0.2240 0.1230 0.2490 0.0000 0.2311
0.1360 0.2200 0.2860 0.3200 0.1760 0.2300 0.1900 0.0860 0.1570 0.3910 0.2192
