0.6460 0.0000 0.0000 0.0000 0.0000 0.0000 0.0000 0.0000 0.0000 0.0000 0.6460
0.1240 0.6110 0.0000 0.0000 0.0000 0.0000 0.0000 0.0000 0.0000 0.0000 0.3675
0.0650 0.2950 0.5720 0.0000 0.0000 0.0000 0.0000 0.0000 0.0000 0.0000 0.3107
0.0320 0.1410 0.2800 0.5710 0.0000 0.0000 0.0000 0.0000 0.0000 0.0000 0.2560
0.0190 0.0820 0.1770 0.2730 0.6120 0.0000 0.0000 0.0000 0.0000 0.0000 0.2326
0.0170 0.0680 0.1840 0.2220 0.3940 0.4120 0.0000 0.0000 0.0000 0.0000 0.2162
0.0040 0.0470 0.1130 0.1700 0.2430 0.2340 0.5370 0.0000 0.0000 0.0000 0.1926
0.0020 0.0320 0.0990 0.1420 0.1770 0.1260 0.3120 0.5010 0.0000 0.0000 0.1739
0.0010 0.0160 0.0470 0.1130 0.1210 0.1120 0.2350 0.3300 0.5790 0.0000 0.1727
0.0000 0.0170 0.0440 0.0970 0.1290 0.0720 0.1990 0.2930 0.4280 0.4120 0.1691
