0.6430 0.0000 0.0000 0.0000 0.0000 0.0000 0.0000 0.0000 0.0000 0.0000 0.6430
0.3680 0.5670 0.0000 0.0000 0.0000 0.0000 0.0000 0.0000 0.0000 0.0000 0.4675
0.2300 0.3730 0.5600 0.0000 0.0000 0.0000 0.0000 0.0000 0.0000 0.0000 0.3877
0.2250 0.2260 0.3140 0.5840 0.0000 0.0000 0.0000 0.0000 0.0000 0.0000 0.3372
0.2070 0.2140 0.3070 0.4530 0.3910 0.0000 0.0000 0.0000 0.0000 0.0000 0.3144
0.1300 0.1680 0.2430 0.3670 0.2860 0.5650 0.0000 0.0000 0.0000 0.0000 0.2932
0.1210 0.1590 0.2110 0.3330 0.2570 0.4100 0.3840 0.0000 0.0000 0.0000 0.2679
0.1230 0.1850 0.2260 0.2970 0.2520 0.3960 0.2900 0.2920 0.0000 0.0000 0.2576
0.0760 0.1960 0.2060 0.2720 0.2380 0.3240 0.2220 0.1920 0.3500 0.0000 0.2307
0.0670 0.1520 0.1760 0.2360 0.1950 0.2680 0.1970 0.1390 0.2010 0.5100 0.2141
