0.5820 0.0000 0.0000 0.0000 0.0000 0.0000 0.0000 0.0000 0.0000 0.0000 0.5820
0.1260 0.4780 0.0000 0.0000 0.0000 0.0000 0.0000 0.0000 0.0000 0.0000 0.3020
0.0450 0.1950 0.5390 0.0000 0.0000 0.0000 0.0000 0.0000 0.0000 0.0000 0.2597
0.0250 0.0470 0.1950 0.5890 0.0000 0.0000 0.0000 0.0000 0.0000 0.0000 0.2140
0.0140 0.0380 0.1380 0.2820 0.4310 0.0000 0.0000 0.0000 0.0000 0.0000 0.1806
0.0120 0.0270 0.0750 0.1230 0.1400 0.5760 0.0000 0.0000 0.0000 0.0000 0.1588
0.0040 0.0170 0.0320 0.0860 0.0800 0.2900 0.5280 0.0000 0.0000 0.0000 0.1481
0.0020 0.0070 0.0180 0.0390 0.0200 0.2020 0.1950 0.4390 0.0000 0.0000 0.1152
0.0000 0.0070 0.0120 0.0230 0.0240 0.1520 0.0990 0.1960 0.5000 0.0000 0.1126
0.0010 0.0030 0.0110 0.0160 0.0130 0.1310 0.0510 0.1110 0.2220 0.5550 0.1114
